# HK stock symbols — auto-generated from HKG_Ticker_List_20260618.xlsx
# 5-digit zero-padded, one per line.  Lines starting with '#' are ignored.
00001
00002
00003
00004
00005
00006
00007
00008
00009
00010
00011
00012
00013
00014
00015
00016
00017
00018
00019
00020
00021
00022
00023
00024
00025
00026
00027
00028
00029
00030
00031
00032
00033
00034
00035
00036
00037
00038
00039
00040
00041
00042
00043
00044
00045
00046
00047
00048
00049
00050
00051
00052
00053
00054
00055
00056
00057
00058
00059
00060
00061
00062
00063
00064
00065
00066
00067
00068
00069
00070
00071
00072
00073
00074
00075
00076
00077
00078
00079
00080
00081
00082
00083
00084
00085
00086
00087
00088
00089
00090
00091
00092
00093
00094
00095
00096
00097
00098
00099
00100
00101
00102
00103
00104
00105
00106
00107
00108
00109
00110
00111
00112
00113
00114
00115
00116
00117
00118
00119
00120
00121
00122
00123
00124
00125
00126
00127
00128
00129
00130
00131
00132
00133
00135
00136
00137
00138
00139
00140
00141
00142
00143
00144
00145
00146
00147
00148
00149
00150
00151
00152
00153
00154
00155
00156
00157
00158
00159
00160
00161
00162
00163
00164
00165
00166
00167
00168
00169
00170
00171
00172
00173
00174
00175
00176
00177
00178
00179
00180
00181
00182
00183
00184
00185
00186
00187
00188
00189
00190
00191
00192
00193
00194
00195
00196
00197
00198
00199
00200
00201
00202
00203
00204
00205
00206
00207
00208
00209
00210
00211
00212
00213
00214
00215
00216
00217
00218
00219
00220
00221
00222
00223
00224
00225
00226
00227
00228
00229
00230
00231
00232
00233
00234
00235
00236
00237
00238
00239
00240
00241
00242
00243
00244
00245
00246
00247
00248
00249
00250
00251
00252
00253
00254
00255
00256
00257
00258
00259
00260
00261
00262
00263
00264
00265
00266
00267
00268
00269
00270
00271
00272
00273
00274
00275
00276
00277
00278
00279
00280
00281
00282
00283
00285
00286
00287
00288
00289
00290
00291
00292
00293
00294
00295
00296
00297
00298
00299
00300
00301
00302
00303
00304
00305
00306
00307
00308
00309
00310
00311
00312
00313
00314
00315
00316
00317
00318
00319
00320
00321
00322
00323
00325
00326
00327
00328
00329
00330
00331
00332
00333
00334
00335
00336
00337
00338
00339
00340
00341
00342
00343
00345
00346
00347
00348
00349
00350
00351
00352
00353
00354
00355
00356
00357
00358
00359
00360
00361
00362
00363
00364
00365
00366
00367
00368
00369
00370
00371
00372
00373
00374
00375
00376
00377
00378
00379
00380
00381
00382
00383
00384
00385
00386
00387
00388
00389
00390
00391
00392
00393
00395
00396
00397
00398
00399
00400
00401
00402
00403
00404
00405
00406
00408
00409
00410
00411
00412
00413
00416
00417
00418
00419
00420
00422
00423
00425
00426
00428
00430
00431
00432
00433
00434
00435
00436
00438
00439
00440
00442
00444
00445
00448
00449
00450
00451
00455
00456
00457
00458
00459
00460
00462
00464
00465
00467
00468
00469
00470
00471
00472
00474
00475
00476
00477
00479
00480
00482
00483
00484
00485
00486
00487
00488
00489
00491
00493
00494
00495
00496
00497
00498
00499
00500
00501
00502
00503
00504
00505
00506
00508
00509
00510
00511
00512
00513
00515
00516
00517
00518
00519
00520
00521
00522
00524
00525
00526
00527
00528
00529
00530
00531
00532
00533
00535
00536
00538
00539
00540
00542
00543
00544
00546
00547
00548
00549
00550
00551
00552
00553
00554
00555
00556
00557
00558
00559
00560
00562
00563
00564
00565
00566
00567
00568
00569
00570
00571
00572
00573
00574
00575
00576
00577
00578
00579
00580
00581
00582
00583
00585
00586
00587
00588
00589
00590
00591
00592
00593
00595
00596
00597
00598
00599
00600
00601
00602
00603
00604
00605
00606
00607
00608
00609
00610
00611
00612
00613
00615
00616
00617
00618
00619
00620
00621
00622
00623
00625
00626
00627
00628
00629
00630
00631
00632
00633
00635
00636
00637
00638
00639
00640
00641
00643
00645
00646
00647
00648
00649
00650
00651
00653
00655
00656
00657
00658
00659
00660
00661
00662
00663
00664
00665
00666
00667
00668
00669
00670
00672
00673
00674
00675
00676
00677
00678
00679
00680
00681
00682
00683
00684
00685
00686
00687
00688
00689
00690
00691
00692
00693
00694
00695
00696
00697
00698
00699
00700
00701
00702
00703
00704
00705
00706
00707
00708
00709
00710
00711
00712
00713
00715
00716
00717
00718
00719
00720
00721
00722
00723
00724
00725
00726
00727
00728
00729
00730
00731
00732
00733
00735
00736
00737
00738
00739
00743
00745
00746
00747
00750
00751
00752
00753
00754
00755
00756
00757
00758
00759
00760
00761
00762
00763
00764
00765
00766
00767
00768
00769
00770
00771
00772
00773
00775
00776
00777
00778
00780
00784
00787
00788
00789
00794
00797
00798
00799
00800
00801
00802
00803
00804
00805
00806
00807
00808
00809
00810
00811
00812
00813
00814
00815
00816
00817
00818
00819
00821
00822
00823
00825
00826
00827
00828
00829
00830
00831
00832
00833
00834
00835
00836
00837
00838
00839
00840
00841
00842
00844
00845
00846
00847
00848
00850
00851
00852
00853
00854
00855
00856
00857
00858
00859
00860
00861
00862
00863
00864
00865
00866
00867
00868
00869
00870
00871
00872
00873
00874
00875
00876
00877
00878
00880
00881
00882
00883
00884
00885
00886
00887
00888
00889
00891
00893
00894
00895
00896
00897
00898
00899
00900
00901
00902
00903
00904
00905
00906
00907
00908
00909
00910
00911
00912
00913
00914
00915
00916
00917
00918
00919
00921
00922
00923
00924
00925
00926
00927
00928
00929
00930
00931
00932
00933
00934
00935
00936
00938
00939
00940
00941
00943
00945
00946
00947
00948
00950
00951
00952
00953
00954
00955
00956
00958
00959
00960
00962
00963
00965
00966
00967
00968
00969
00970
00973
00974
00975
00976
00978
00979
00980
00981
00982
00983
00984
00985
00986
00987
00988
00989
00990
00991
00992
00993
00994
00995
00996
00997
00998
00999
01000
01001
01002
01003
01004
01005
01006
01007
01008
01009
01010
01011
01013
01019
01020
01021
01022
01023
01024
01025
01026
01027
01028
01029
01030
01031
01033
01034
01035
01036
01037
01038
01039
01041
01043
01044
01045
01046
01047
01048
01049
01050
01051
01052
01053
01055
01057
01058
01059
01060
01061
01062
01063
01064
01065
01066
01068
01069
01070
01071
01072
01073
01075
01076
01079
01080
01081
01082
01083
01084
01085
01086
01087
01088
01089
01090
01091
01093
01094
01095
01096
01097
01098
01099
01100
01101
01102
01103
01104
01105
01106
01107
01108
01109
01110
01111
01112
01113
01114
01115
01116
01117
01118
01119
01120
01121
01122
01123
01124
01125
01126
01127
01128
01129
01130
01131
01132
01133
01134
01135
01136
01137
01138
01139
01140
01141
01142
01143
01145
01146
01147
01148
01149
01150
01151
01152
01153
01155
01156
01157
01158
01159
01160
01161
01162
01163
01164
01165
01166
01167
01168
01169
01170
01171
01172
01173
01174
01175
01176
01177
01178
01179
01180
01181
01182
01183
01184
01185
01186
01187
01188
01189
01190
01191
01192
01193
01194
01195
01196
01197
01198
01199
01200
01201
01202
01203
01204
01205
01206
01207
01208
01209
01210
01211
01212
01213
01215
01216
01217
01218
01220
01221
01222
01223
01224
01225
01226
01227
01228
01229
01230
01231
01232
01233
01234
01235
01236
01237
01238
01239
01240
01241
01243
01244
01245
01246
01247
01249
01250
01251
01252
01253
01255
01257
01258
01259
01260
01262
01263
01265
01266
01268
01269
01270
01271
01272
01273
01274
01275
01276
01277
01278
01280
01281
01282
01283
01284
01285
01286
01288
01289
01290
01292
01293
01296
01297
01298
01299
01300
01301
01302
01303
01304
01305
01308
01310
01312
01313
01314
01315
01316
01317
01318
01319
01321
01322
01323
01326
01327
01328
01329
01330
01332
01333
01334
01335
01336
01337
01338
01339
01340
01341
01343
01345
01346
01347
01348
01349
01351
01353
01354
01355
01357
01358
01359
01360
01361
01362
01363
01364
01365
01366
01367
01368
01369
01370
01371
01372
01373
01375
01376
01378
01379
01380
01381
01382
01383
01384
01385
01386
01387
01388
01389
01390
01393
01395
01396
01397
01398
01399
01400
01401
01402
01405
01406
01407
01408
01410
01412
01413
01415
01416
01417
01418
01419
01420
01421
01425
01426
01427
01428
01429
01430
01431
01432
01433
01438
01439
01440
01442
01443
01446
01447
01448
01449
01450
01451
01452
01455
01456
01458
01459
01460
01461
01462
01463
01466
01468
01469
01470
01471
01472
01473
01475
01476
01477
01478
01480
01481
01483
01486
01488
01489
01490
01492
01495
01496
01497
01498
01499
01500
01501
01502
01503
01508
01509
01511
01513
01515
01516
01518
01519
01520
01521
01522
01523
01525
01526
01527
01528
01529
01530
01532
01533
01536
01538
01539
01540
01541
01542
01543
01545
01546
01547
01548
01549
01551
01552
01553
01555
01556
01557
01558
01559
01560
01561
01563
01565
01566
01568
01569
01570
01571
01572
01573
01575
01576
01577
01578
01579
01580
01581
01582
01583
01585
01586
01587
01588
01589
01591
01592
01593
01596
01597
01598
01599
01600
01601
01606
01608
01609
01610
01611
01612
01613
01615
01616
01617
01618
01619
01620
01621
01622
01623
01626
01627
01628
01629
01630
01631
01632
01633
01635
01636
01637
01638
01639
01640
01641
01643
01645
01647
01649
01650
01651
01652
01653
01655
01656
01657
01658
01659
01660
01661
01662
01663
01665
01666
01667
01668
01669
01671
01672
01673
01675
01676
01678
01679
01680
01681
01682
01683
01685
01686
01688
01689
01690
01691
01692
01693
01695
01696
01697
01698
01699
01700
01701
01702
01703
01705
01706
01707
01708
01709
01710
01711
01712
01713
01715
01716
01717
01718
01719
01720
01721
01722
01723
01725
01726
01727
01728
01729
01730
01731
01732
01733
01735
01736
01737
01738
01739
01740
01741
01742
01743
01745
01746
01747
01748
01749
01750
01751
01752
01753
01755
01756
01757
01758
01759
01760
01761
01762
01763
01765
01766
01767
01768
01769
01771
01772
01773
01775
01776
01777
01778
01779
01780
01781
01782
01783
01785
01786
01787
01788
01789
01790
01792
01793
01795
01796
01797
01798
01799
01800
01801
01802
01803
01806
01808
01809
01810
01811
01812
01813
01815
01816
01817
01818
01819
01820
01821
01822
01823
01825
01826
01827
01828
01829
01830
01831
01832
01833
01835
01836
01837
01838
01839
01841
01842
01843
01845
01846
01847
01848
01849
01850
01851
01853
01854
01855
01856
01857
01858
01859
01860
01861
01862
01863
01865
01866
01867
01868
01869
01870
01871
01872
01873
01875
01876
01877
01878
01879
01880
01881
01882
01883
01884
01885
01886
01888
01889
01890
01891
01894
01895
01896
01897
01898
01899
01900
01901
01902
01903
01905
01906
01907
01908
01909
01910
01911
01912
01913
01915
01916
01917
01918
01919
01920
01921
01922
01925
01927
01928
01929
01930
01931
01932
01933
01935
01936
01937
01938
01939
01940
01941
01942
01943
01945
01947
01948
01949
01950
01951
01952
01953
01955
01957
01958
01959
01960
01961
01962
01963
01965
01966
01967
01968
01969
01970
01971
01972
01973
01975
01977
01978
01979
01980
01981
01982
01983
01985
01986
01987
01988
01989
01990
01991
01992
01993
01995
01996
01997
01998
01999
02000
02001
02002
02003
02005
02006
02007
02008
02009
02010
02011
02012
02013
02014
02015
02016
02017
02018
02019
02020
02022
02023
02025
02026
02028
02030
02031
02033
02038
02039
02048
02050
02051
02057
02060
02066
02068
02076
02078
02080
02083
02086
02088
02096
02097
02098
02099
02100
02101
02102
02103
02105
02107
02108
02110
02111
02112
02113
02115
02116
02117
02118
02119
02120
02121
02122
02123
02125
02126
02127
02128
02129
02130
02131
02132
02133
02135
02136
02137
02138
02139
02142
02145
02146
02147
02148
02149
02150
02152
02153
02155
02156
02157
02158
02159
02160
02161
02162
02163
02165
02166
02167
02168
02169
02170
02171
02172
02175
02176
02177
02178
02179
02180
02181
02182
02183
02185
02186
02187
02188
02189
02190
02191
02192
02193
02195
02196
02197
02198
02199
02200
02202
02203
02205
02207
02208
02209
02210
02211
02212
02213
02215
02216
02217
02218
02219
02221
02222
02223
02225
02226
02227
02228
02229
02230
02231
02232
02233
02235
02236
02237
02238
02239
02245
02246
02250
02251
02252
02255
02256
02257
02258
02259
02260
02262
02263
02265
02266
02268
02269
02270
02271
02273
02276
02277
02278
02279
02280
02281
02282
02283
02285
02286
02288
02289
02290
02291
02292
02293
02295
02296
02297
02298
02299
02300
02302
02303
02306
02307
02308
02309
02310
02312
02313
02314
02315
02317
02318
02319
02320
02321
02322
02323
02324
02325
02326
02327
02328
02329
02330
02331
02332
02333
02336
02337
02338
02339
02340
02341
02342
02343
02346
02347
02348
02349
02350
02352
02355
02356
02357
02358
02359
02360
02361
02362
02363
02366
02367
02368
02369
02370
02371
02372
02373
02376
02377
02378
02379
02380
02381
02382
02383
02385
02386
02387
02388
02389
02390
02391
02392
02393
02396
02398
02399
02400
02402
02405
02407
02408
02409
02410
02411
02415
02416
02418
02419
02420
02421
02422
02423
02425
02427
02429
02431
02432
02433
02436
02438
02439
02440
02442
02443
02448
02450
02451
02453
02455
02457
02458
02459
02460
02465
02468
02469
02473
02476
02477
02479
02480
02481
02482
02483
02486
02487
02488
02489
02490
02493
02495
02496
02497
02498
02499
02500
02501
02502
02503
02505
02506
02507
02508
02509
02510
02511
02512
02513
02515
02516
02517
02518
02519
02520
02521
02522
02525
02526
02528
02529
02530
02531
02533
02535
02536
02539
02540
02543
02545
02546
02549
02550
02551
02552
02553
02555
02556
02558
02559
02560
02561
02562
02563
02565
02566
02567
02569
02570
02571
02573
02575
02576
02577
02579
02580
02581
02582
02583
02585
02586
02587
02588
02589
02590
02591
02592
02593
02595
02596
02597
02598
02599
02600
02601
02602
02603
02605
02606
02607
02608
02609
02610
02611
02613
02616
02617
02618
02619
02621
02623
02625
02626
02627
02628
02629
02630
02631
02632
02633
02635
02637
02638
02643
02648
02649
02650
02651
02652
02655
02656
02657
02658
02659
02660
02661
02662
02663
02665
02666
02668
02669
02670
02671
02675
02676
02677
02678
02680
02682
02683
02685
02686
02687
02688
02689
02691
02692
02693
02695
02696
02698
02699
02700
02701
02706
02708
02714
02715
02718
02720
02722
02723
02726
02727
02728
02729
02738
02768
02772
02777
02778
02779
02788
02789
02798
02799
02858
02863
02865
02866
02868
02869
02877
02878
02880
02881
02882
02883
02885
02886
02888
02889
02892
02898
02899
02900
02901
02902
02903
02904
02905
02906
02907
02908
02909
02910
02911
02912
02913
02914
02915
02916
02917
02918
02919
02920
02921
02922
02923
02924
02925
02926
02927
02929
02930
02931
02932
02933
02934
02935
02936
02938
02939
02940
02941
02942
02943
02944
02945
02947
02948
02949
02950
02951
02952
02953
02954
02956
02958
02959
02960
02961
02962
02963
02964
02965
02966
02968
02969
02970
02971
02972
02974
02976
02977
02979
02980
02982
02984
02985
02986
02987
02988
02989
02990
02991
02992
02993
02994
02995
02996
02997
02998
02999
03200
03268
03277
03288
03296
03300
03301
03302
03303
03306
03308
03309
03310
03311
03313
03315
03316
03317
03318
03319
03320
03321
03322
03323
03326
03328
03329
03330
03331
03332
03333
03335
03336
03337
03339
03344
03347
03348
03355
03358
03360
03363
03366
03368
03369
03377
03378
03380
03382
03383
03386
03388
03389
03390
03393
03395
03396
03398
03399
03600
03601
03603
03606
03608
03611
03613
03616
03618
03623
03625
03626
03628
03633
03636
03638
03639
03650
03658
03660
03662
03663
03666
03668
03669
03677
03678
03680
03681
03683
03686
03688
03689
03690
03692
03696
03698
03699
03700
03708
03709
03718
03728
03737
03738
03750
03759
03768
03773
03777
03778
03788
03789
03798
03799
03800
03808
03813
03816
03818
03822
03823
03828
03830
03833
03836
03838
03839
03848
03858
03860
03866
03868
03869
03877
03878
03880
03881
03882
03883
03886
03887
03888
03889
03893
03896
03898
03899
03900
03903
03908
03913
03918
03919
03928
03931
03933
03938
03939
03948
03958
03963
03966
03968
03969
03978
03983
03986
03988
03989
03990
03991
03992
03993
03996
03997
03998
03999
04331
04332
04333
04335
04336
04337
04338
06030
06031
06033
06036
06038
06049
06051
06055
06058
06060
06063
06066
06068
06069
06078
06080
06082
06083
06086
06088
06090
06093
06098
06099
06100
06108
06110
06111
06113
06116
06117
06118
06119
06122
06123
06127
06128
06133
06136
06138
06139
06158
06160
06161
06162
06163
06166
06168
06169
06178
06181
06182
06183
06185
06186
06188
06189
06190
06193
06196
06198
06199
06210
06230
06288
06388
06488
06499
06600
06601
06603
06606
06608
06609
06610
06611
06613
06616
06618
06622
06623
06626
06628
06633
06636
06638
06639
06651
06655
06656
06657
06658
06660
06661
06663
06666
06667
06668
06669
06675
06676
06677
06680
06681
06682
06683
06686
06687
06689
06690
06693
06696
06698
06699
06805
06806
06808
06809
06810
06811
06812
06816
06818
06819
06820
06821
06822
06823
06826
06828
06829
06830
06831
06833
06836
06837
06838
06839
06855
06858
06860
06862
06863
06865
06866
06868
06869
06871
06872
06877
06878
06880
06881
06882
06883
06885
06886
06887
06888
06889
06890
06893
06896
06898
06899
06900
06908
06909
06911
06913
06918
06919
06922
06928
06929
06933
06936
06938
06939
06955
06958
06959
06960
06963
06966
06968
06969
06978
06979
06980
06988
06989
06990
06993
06996
06998
06999
07489
07618
07630
07666
07688
07801
07827
07836
07841
07855
08001
08002
08003
08004
08005
08006
08007
08008
08009
08010
08011
08012
08013
08015
08016
08017
08018
08019
08020
08021
08022
08023
08025
08026
08027
08028
08029
08030
08031
08032
08033
08035
08036
08037
08038
08039
08040
08041
08042
08043
08045
08046
08047
08048
08049
08050
08051
08052
08053
08055
08056
08057
08058
08059
08060
08061
08062
08063
08065
08066
08067
08068
08069
08070
08071
08072
08073
08075
08076
08077
08078
08079
08080
08081
08082
08083
08085
08086
08087
08088
08089
08090
08091
08092
08093
08095
08096
08097
08098
08099
08100
08101
08102
08103
08105
08106
08107
08108
08109
08110
08111
08112
08113
08115
08116
08117
08118
08119
08120
08121
08122
08123
08125
08126
08127
08128
08129
08130
08131
08132
08133
08135
08136
08137
08138
08139
08140
08141
08142
08143
08145
08146
08147
08148
08149
08150
08151
08152
08153
08155
08156
08157
08158
08159
08160
08161
08162
08163
08165
08166
08167
08168
08169
08170
08171
08172
08173
08175
08176
08177
08178
08179
08180
08181
08182
08183
08185
08186
08187
08188
08189
08190
08191
08192
08193
08195
08196
08197
08198
08199
08200
08201
08202
08203
08205
08206
08207
08208
08209
08210
08211
08212
08213
08215
08216
08217
08218
08219
08220
08221
08222
08223
08225
08226
08227
08228
08229
08230
08231
08232
08233
08235
08236
08237
08238
08239
08240
08241
08242
08243
08245
08246
08247
08248
08249
08250
08251
08252
08253
08255
08256
08257
08258
08259
08260
08261
08262
08263
08265
08266
08267
08268
08269
08270
08271
08272
08273
08275
08276
08277
08278
08279
08280
08281
08282
08283
08285
08286
08287
08288
08289
08290
08291
08292
08293
08295
08296
08297
08298
08299
08300
08301
08305
08306
08307
08308
08309
08310
08311
08312
08313
08315
08316
08317
08318
08319
08320
08321
08325
08326
08327
08328
08329
08331
08333
08336
08337
08340
08341
08342
08343
08345
08346
08347
08348
08349
08350
08351
08352
08353
08355
08356
08357
08358
08359
08360
08361
08362
08363
08365
08366
08367
08368
08369
08370
08371
08372
08373
08375
08376
08377
08378
08379
08380
08381
08382
08383
08385
08386
08387
08388
08389
08390
08391
08392
08393
08395
08396
08397
08398
08399
08400
08401
08402
08403
08405
08406
08407
08409
08410
08411
08412
08413
08415
08416
08417
08418
08419
08420
08421
08422
08423
08425
08426
08427
08428
08429
08430
08431
08432
08436
08437
08439
08441
08442
08445
08446
08447
08448
08450
08451
08452
08455
08456
08457
08460
08462
08463
08465
08469
08470
08471
08472
08473
08475
08476
08479
08480
08481
08482
08483
08485
08487
08489
08490
08491
08493
08495
08496
08500
08501
08502
08506
08507
08509
08510
08511
08512
08513
08516
08519
08521
08522
08523
08525
08526
08527
08529
08532
08535
08536
08537
08540
08545
08547
08549
08596
08601
08603
08606
08607
08609
08610
08611
08612
08613
08616
08617
08619
08620
08621
08622
08623
08627
08629
08631
08635
08637
08645
08646
08657
08659
08668
09600
09606
09608
09609
09611
09616
09618
09626
09633
09636
09638
09639
09658
09660
09663
09666
09668
09669
09676
09677
09678
09680
09686
09688
09689
09690
09696
09698
09699
09857
09858
09860
09863
09866
09868
09869
09876
09877
09878
09879
09880
09881
09882
09885
09886
09887
09888
09889
09890
09893
09896
09898
09899
09900
09901
09903
09906
09908
09909
09911
09913
09916
09918
09919
09922
09923
09926
09927
09928
09929
09930
09933
09936
09938
09939
09955
09956
09958
09959
09960
09961
09963
09966
09968
09969
09973
09977
09978
09979
09980
09981
09982
09983
09985
09986
09987
09988
09989
09990
09991
09992
09993
09995
09996
09997
09998
09999
80011
80016
80020
80175
80291
80388
80700
80737
80883
80941
80992
81024
81211
81299
81810
82020
82318
82331
82333
82388
83690
86618
87001
89618
89888
89988
